.Random.seed <-
c(10403L, 10L, -152938563L, 335638583L, -2135606562L, -594295272L, 
1020176763L, -1403248359L, 1070632360L, 1145794902L, 895341009L, 
-856518269L, -319098862L, -1162468444L, 812094311L, 1140893885L, 
-330608588L, -1147427942L, 1035284453L, 158071679L, 1392569094L, 
-1084996464L, -1266117325L, 1209545425L, 667990144L, -128655010L, 
-665823575L, 1155662171L, 1061866346L, -830660084L, -83385777L, 
-2007740667L, -209385540L, -1226726766L, -492549747L, 207876551L, 
-1491545426L, 2131753736L, 893266187L, 1654519785L, -1436118856L, 
1394939750L, -252087295L, -668564845L, 666690882L, -917230860L, 
-702572809L, -306284819L, -491093628L, -196702294L, 604165397L, 
1372807087L, -134647882L, 848369120L, -1999672029L, -553434559L, 
962997552L, 896870222L, -1627050567L, 913182667L, 62932090L, 
-275851908L, -633098817L, 972917397L, -1279428436L, -95059326L, 
2066811485L, -671629993L, 1872298046L, 221090936L, -1615823013L, 
462146233L, 1453967112L, 1186741686L, 2067768049L, -796711645L, 
664469362L, -1956164156L, 1533449607L, 796251997L, 1898035540L, 
1788885882L, 353745605L, -874681313L, -1699202138L, 629161264L, 
-1932427309L, 1053683185L, 127671072L, -1453173314L, -1494356535L, 
-71896709L, 1468381002L, 583428012L, -428691793L, -1983337371L, 
249551900L, -1014025614L, -1037450003L, 1458789671L, 1468959054L, 
1587194280L, 729476523L, -1339660599L, -1422197032L, -1649646714L, 
-1129712031L, 1726803955L, -551386526L, 1676948692L, 437556695L, 
1051729869L, 1774508900L, -457801910L, 1911334581L, 197443087L, 
-740626666L, 377076160L, -1297938045L, -1660473439L, -905543792L, 
-989502354L, 2112082457L, 1114675883L, -1692541286L, -646022564L, 
392611679L, 867637557L, -313247540L, -326532574L, -507634563L, 
1258571127L, -1550521698L, -3184296L, 1125126331L, -41693607L, 
-1986617880L, 2058004502L, -1976511599L, -1706894269L, 488297298L, 
413038564L, -60930521L, 1299054205L, 697630580L, 371643226L, 
-1332738651L, -340647489L, 615467590L, -1358264112L, -30760205L, 
234730513L, -1415044544L, 1506948638L, 2044911849L, 29352475L, 
-900316630L, 1590347084L, 669648655L, -1859802555L, 1437539324L, 
589357650L, 619954125L, 1544829319L, -1471697810L, -62532536L, 
-72552885L, 556057513L, 1988709112L, -1703977434L, -886614207L, 
1144790227L, 238321794L, -512606540L, 1326135863L, -1265204947L, 
1304711748L, -1686220950L, -1679590443L, 2030402927L, -2137036682L, 
-1607711840L, -2121468829L, -1079320319L, 89795696L, -1490204658L, 
1835235449L, -970688501L, 1806866746L, -47249348L, 181133183L, 
-324037419L, -993990420L, 1871258178L, -1151294051L, -879640553L, 
-1737001602L, -1848521928L, -715623397L, 1768664441L, -237159480L, 
-56088586L, 1289415217L, 1115651171L, -1674378190L, -859586172L, 
-1392072761L, 1465789085L, -1182901740L, -227485510L, -1681971963L, 
1920200415L, 311374694L, 1439568624L, 766439955L, 314776497L, 
-403995040L, -1667464194L, 1573395337L, 1211051195L, -1639004022L, 
1008458604L, -866139921L, -1997567195L, -360499748L, -528043086L, 
-433988947L, -1073720729L, -633785970L, 28046420L, 2135807762L, 
566113184L, -644243508L, -865359008L, -2001960766L, -937654744L, 
1747326380L, -1428033732L, -722305166L, 1176556336L, -1080573404L, 
-545640392L, 811470042L, 1472856464L, -238815492L, -20639852L, 
1811465026L, -336299520L, -651369924L, 2017465936L, 694071970L, 
-2068464824L, -144901620L, 1332473052L, 1173795410L, -1141790592L, 
-208503980L, 2072187368L, -1668273414L, 1795102544L, -1195260884L, 
541791604L, 129990290L, 1009482336L, 512971404L, -1532630176L, 
1862759138L, 1910978728L, 1174401228L, 2068374012L, -1839104078L, 
-569035280L, -86413884L, 1962432344L, -179340422L, 2147335600L, 
-1098792516L, -206782380L, 111768514L, 1131791136L, 907212732L, 
1672557136L, -1139446302L, -2000883352L, 2046717260L, 776192252L, 
1769095922L, -66695424L, -1590165900L, 1597358088L, 1505989050L, 
2130309072L, -1124660756L, -23754860L, -437636398L, -2014634400L, 
1169573196L, 1495459104L, 1455999618L, -901490200L, 1285750764L, 
-823318980L, -1544550798L, -774034576L, -990394076L, -801643976L, 
1729157530L, -2124744240L, 1875355068L, -1177732972L, -687516542L, 
1326630336L, 254921532L, 634743952L, 1019714338L, -5736952L, 
-73890548L, 2143384988L, -533000686L, -929309824L, 1196864276L, 
2063970600L, -860371910L, -1872426032L, -1549583764L, 485192244L, 
334035602L, -1462221472L, 476674380L, -36730912L, -376408670L, 
1527166376L, -1236756852L, 510852540L, 1122143858L, 1037210608L, 
1684254276L, -489934760L, 79083578L, -987799440L, -1177339844L, 
-556457708L, 1467867842L, 203482848L, 177690748L, 97973968L, 
-1142392414L, 940034088L, -1241003252L, -811923012L, 1803899698L, 
1555913408L, -761517004L, -681308472L, 1029919930L, 1105057424L, 
-1537122580L, 1791748692L, 988189330L, 891214112L, -1335901748L, 
-1377688864L, -214142782L, 441101352L, 225695660L, 391764668L, 
-387486734L, -190089680L, 1485897636L, 899198392L, 1179395930L, 
-875261808L, 499817340L, 1033699604L, -1399080638L, -810114816L, 
-1171509828L, 753328464L, 1835890978L, 154303048L, 1251790860L, 
-49973668L, 1113606610L, 1925199360L, 1607693652L, -512127768L, 
-1112710918L, -1439521072L, 640019244L, -1376063244L, 929765778L, 
416144736L, -1625584628L, 401112288L, 252232290L, -660716376L, 
-1513669556L, 997185404L, 2147039538L, -762252688L, -1307348156L, 
-1781328936L, -1953225862L, -310540240L, -1151930436L, 862085716L, 
724668482L, 672001696L, -1553399108L, 2069613520L, -1676657310L, 
-1436279064L, -676971316L, -1657302532L, -286007822L, -55794560L, 
-2020742668L, -2006017400L, -666416326L, 201403728L, 19246188L, 
335291796L, -512933806L, 2139422176L, -124185396L, 1862172320L, 
1991078274L, 10959080L, -699024660L, -1090960068L, 1669845106L, 
1171526256L, -1657263580L, 1767692344L, 699083034L, 1050559696L, 
-1925805764L, 1280213908L, 194295682L, -55653440L, 1492690492L, 
-1536204400L, 435853346L, 313320712L, -2114398068L, -1179341028L, 
1447466130L, 913175936L, 1609707540L, 468309800L, -324073926L, 
678498768L, -695346836L, 2034676660L, -1352226286L, 733374432L, 
1134021616L, -10801767L, 283272075L, 129519228L, -1141996374L, 
2038085343L, -976171927L, -944544130L, -1465151892L, 1881813693L, 
476327815L, 1616239472L, -1156879858L, -1546041541L, 394714141L, 
1787942090L, -266203160L, -661791535L, -64177981L, 1562283972L, 
986025074L, -1750850233L, -191604463L, 1269664918L, 1362174452L, 
-1531489403L, -416646449L, 849258440L, 449744486L, 1044930707L, 
1463132149L, 1829616082L, 628056608L, -1323230199L, 1788027195L, 
-301718388L, -1672548070L, -384194673L, 1546336473L, -1809557650L, 
468733692L, 145681517L, -1741965289L, 1491239392L, 1412296126L, 
214799243L, 1384956941L, 1195598906L, -1443961736L, -648482783L, 
856775379L, -1723213324L, 1026163330L, 831463191L, -1489971743L, 
-177476826L, 1864517156L, -1514995499L, -1694441345L, 2130556184L, 
1403710518L, -1674005821L, 1607130885L, 95572642L, -2139619184L, 
133615673L, -1370627861L, -930147876L, 33142794L, -1488009473L, 
-54028471L, -1308496674L, -1855982964L, 1900672605L, -806314905L, 
1845604752L, -878145106L, -1791212453L, -834939843L, -1730356566L, 
-1896274104L, 1949977457L, 784059619L, -993041436L, 1669624594L, 
-1461780761L, -1952708431L, 362932982L, 1705733396L, 1536111141L, 
-107544785L, -1991491352L, 287941062L, 111988851L, -87426347L, 
521455794L, 1852316800L, -999128983L, -1054049061L, -1134923732L, 
-355569606L, 1318801135L, 964231545L, 1040403982L, 2044080092L, 
-1411291059L, 512551863L, -1436289728L, -1288260578L, -1087933717L, 
-13067667L, 1929923290L, -1115827560L, -666865407L, 307426995L, 
-1344167468L, 562401506L, 466332023L, 597768385L, 1625080902L, 
-1552184444L, -1441727179L, 1401318175L, 777707128L, -716946602L, 
-2130261533L, 1889410981L, 282934850L, 1914291248L, -1730144167L, 
141743563L, 273561148L, -1528248214L, 470028959L, 1744903977L, 
-976419906L, 27488940L, 952025085L, -910710969L, -1179285456L, 
1653227854L, -2107463301L, -872067363L, -1922578678L, 1846648360L, 
1602127505L, -264434045L, 1231859588L, 1437132210L, -1426150649L, 
